"0.0","1.0","2.0","3.0","4.0","5.0","6.0","7.0","8.0","9.0","10.0"
-10.450286533928452, -10.25319718019527, -10.120455288083063, -10.016815756328631, -9.943014084622376, -9.909424484902805, -9.917663032324878, -9.976267900736739, -10.068500333197166, -10.190509947997596, -10.336297988090784
-10.450286533928452, -10.258592605201981, -10.127181872646899, -10.02701010510875, -9.95082171444985, -9.912140388523994, -9.913623867243786, -9.946030818277324, -9.995209144847097, -10.05011220872408, -10.100487054836583
-10.450286533928452, -10.263662442957243, -10.133381983805917, -10.032853818218017, -9.955881718950744, -9.916234455703949, -9.9104584073732, -9.931558943871131, -9.967231118651714, -10.002312589623903, -10.036482088411418
-10.450286533928452, -10.268637409963594, -10.138986888661838, -10.040818539103697, -9.962846899474934, -9.920364618394533, -9.911931741128763, -9.925413146969198, -9.951390427179323, -9.97988251877612, -10.005224219046372
-10.450286533928452, -10.275383003854497, -10.144507263972526, -10.046422912315709, -9.968442550991968, -9.924926212258379, -9.91320609848316, -9.923909282360507, -9.943558696141992, -9.967061888859535, -9.991480858174578
-10.450286533928452, -10.279839869748397, -10.154339203884533, -10.051997201763145, -9.97345317558603, -9.929175345647332, -9.915296593195594, -9.923630826950765, -9.941071047196534, -9.960854960912561, -9.983941516507093
-10.450286533928452, -10.28405029957577, -10.159488797123302, -10.057469612205058, -9.978664355270531, -9.933378213027693, -9.917838953190543, -9.925421708916824, -9.941001572928084, -9.959468912562988, -9.979809726668329
-10.450286533928452, -10.288078500866282, -10.164334722620008, -10.062741416794902, -9.984057661358461, -9.937973228392508, -9.921148423219249, -9.92703121551514, -9.942528693037028, -9.959458648862968, -9.97892060884116
-10.450286533928452, -10.291932998578314, -10.169023404972855, -10.06764427533945, -9.989092615031348, -9.943778306703708, -9.925271024132558, -9.929675686698861, -9.944192193296654, -9.960471727235369, -9.97990545227405
-10.450286533928452, -10.295622665069423, -10.173595363836204, -10.072409621228251, -9.997364524121133, -9.948493541912502, -9.929280266872054, -9.934275003890416, -9.946619000129155, -9.964896333820587, -9.982323829971728
-10.450286533928452, -10.299157835848689, -10.179016885500257, -10.077113438580678, -10.002076047420006, -9.953559710515963, -9.933478910319007, -9.93777643408988, -9.950283842483978, -9.96814807397375, -9.986435224589435
